$ANSIBLE_VAULT;1.1;AES256
30653762336437396630333362366165316632623339336163383733336262326361303961383562
3465353031393838613539306436386638303639626438300a616233656332313135303464306639
62373339623533323238316536666139373630656239346133383231656663663534366566383336
3530323462616139610a653666333662326163363330383763303537366534393766353335396631
33653465393730636535613162303039633361373438633766633731633235363062323266616332
66656332636431363032623865633365306539636437373931363762333237306365396138313866
64626536343134376139383235333261393962313166646661646464303138323233666330346232
62646362303835373266353964373739623531313938613739666132353266323264636162373638
63633232333837323362363662313932643037636436313633303865363337646263623666643761
36373561643964626566343431643365346331626137643430313838383930653037393861313665
65316136386563616538336138373364353862643063393731343663333266656235373564363233
34383864323037616539386465376632666232623264343533653963356331616336653139323436
30346232663238613664633965316531616435313739393462396333633330653330366162343139
31343061333362613662333937383562306666386366383539646363393536343231343839343463
37626633316661653535366631333334633534353665333736663164373162373830666630653330
31366533326464336533303734323465366637656166643635656662613936323830373564623239
35663030396561383637353532663864656131653262663066623662386332363161313139653266
66623166323839373130666563653031663132356235303664633536336664663361313761643761
33333762383938646234303664633063613930666332626334313231636639303361623532356366
33623537636431323232643061313564346364363632333231626161656236383235663331353337
34333839373265316231396437333361313634613130336536353332393532396666323763386531
34313136623634333631656461353564646337343530623866663932306133346466363736623935
38623238366131366365613864366163346436613832643966623831343234386637313866646266
37396631643230656237323239356333643733666661323639366232363838383931386137623635
37663432653864653739333062363338643366643265343536616662643636663334326531376236
37303162383833613366383833356463383666336335633931393832333865633162363030366436
63666664303264613731303039373963386234643537356462613063633239653165653463633336
64633936326466623932363836616238346661643762666534343330663838336635653362316337
34626261666364633461623438326439613130643763626266663238326662373238366265633965
31336663643833366336616634326431663738356636643162386639656439643662376532383365
64323632343361323764313136613935373933366530363135386433363031363237306435326362
63356162663131313036373861386339376433336534346361666337336365336139336331353465
34313833336166326434316162313737636334623131336564376366323830626266353438633032
65653732303030376330393062316563393764666133643263313331646337653639303832643163
65316131653264666464376531656264383230633936623535363864343435303939366464346336
32316465643662633665333730643562663539393933656463363337393531643637343366353938
38333837646262383534373132613365623333396466643939663839353934303634306234646362
34663836343563323138643939343163613230663764303363306364336335393330613538393065
66633262343161636435393430366435356166643064336464353935653335313231633435623361
30316461643130343232303432396535666563623337646236353338643061356637383837323237
32626139363033663161346534373432373665356536386639323338326265306539316164393939
62326233343964646134336130373161376232656639306664346635323336633236613432363433
34666538343837356462663631653061643530626437646464333463643365626139666530333733
61646139303339343032633733346338663234643866353763653165373864393561313264653635
38306535343462643732363039636237373362643261633863373733643230663034356438663832
65373939633237313437343535316266313738633963643266356331343238633833663335323239
35653837396538333833663533313930323835396563393137643164373638393333633131356265
39663634306366373764363631383431326230623733333364653662343566383132393938373636
35613734646562383039386662343132363438316562366537303766363963356337323032616266
6436303862626561303037313131626161646639663964353539
